ticker,,Open,High,Low,Close,Adj Close,Volume,returns_1,returns_2,returns_5,returns_10,returns_21,reward,STOCH,ULTOSC,RSI,MACD,ATR,sent_content_news,sent_title_news,count_news,sent_content_opinions,sent_title_opinions,count_opinions,replyCount_keywords,retweetCount_keywords,likeCount_keywords,tweetCount_keywords,sent_tweeteval_keywords,sent_finbert_keywords,replyCount_cashtags,retweetCount_cashtags,likeCount_cashtags,tweetCount_cashtags,sent_tweeteval_cashtags,sent_finbert_cashtags
AAPL,Open,1.0,0.9998572078004981,0.9998143757304154,0.9996286822308423,0.9995928988897737,-0.2977975481202937,0.011290627133010059,0.031559826137105375,0.058542981866796656,0.08989911083773239,0.13678931562798066,0.011290627133010059,0.00742545776203717,0.04120037096082023,-0.030404060147972194,0.3703849964145202,0.8897097791443391,-0.02201355942699294,-0.031424537193368206,0.4127909902697345,-0.0046416247415372825,0.053579386072717505,-0.12434141118709649,0.6423438598397289,0.3779507817833867,0.4530678760191364,0.5099267689683653,-0.03165136187468224,0.250646615957226,0.6683054268043809,0.4318663971835511,0.6677542991315484,0.6712612252694855,-0.15343111006910423,0.07355610343581002
AAPL,High,0.9998572078004981,1.0,0.9997738418561731,0.9998115275230471,0.9997817715980628,-0.29318967213635133,0.017718298402606875,0.03457429563556892,0.05963225290816021,0.08962057080203996,0.13567348352244482,0.017718298402606875,0.005637206632828506,0.04184393412548901,-0.029671081979969198,0.3689525851268868,0.892005510811527,-0.021969958093385717,-0.030648357653065776,0.41473594988546275,-0.005526489151575753,0.05371930679806622,-0.12377602424565469,0.6435028905030492,0.379763077560838,0.4550728828201654,0.5119181852976569,-0.03215790413325289,0.25106623879590906,0.6712278448351041,0.4339499225986718,0.6703286115423623,0.6752585091829453,-0.15317248479670006,0.07390304643198582
AAPL,Low,0.9998143757304154,0.9997738418561731,1.0,0.9998182091171638,0.9997839956991018,-0.30388253529611714,0.01945646954919395,0.03783703096393367,0.0640605736541494,0.09448453091311818,0.14034945937251533,0.01945646954919395,0.004106546203360601,0.046234396085405166,-0.02676370346492194,0.37003174483043266,0.8865449075945255,-0.018563732877885937,-0.028596254997637703,0.411111848170872,-0.00216063253617098,0.054915814007712775,-0.12428694152853971,0.642661991834153,0.37827470470647023,0.4531710272526049,0.5098618571556904,-0.032404463958723526,0.24963161010159346,0.6670904999192016,0.43055309433012834,0.6664968869431281,0.6696200536588204,-0.15151108353408146,0.07530646586383785
AAPL,Close,0.9996286822308423,0.9998115275230471,0.9998182091171638,1.0,0.9999652792686665,-0.2988970695840656,0.02862444315836016,0.042413227484311776,0.06615955895546344,0.09487824971230412,0.13967916668460775,0.02862444315836016,0.0010490520023984588,0.04806753236512135,-0.026054005688476,0.36895558076025387,0.8891160600174033,-0.017928267326053553,-0.027184586347901545,0.4133933005725595,-0.0030043318735591138,0.055496841062262776,-0.1239907695499244,0.6436237074683916,0.37977003320874997,0.45485922781586924,0.511800615259375,-0.032578859253564046,0.25024276318582533,0.6701581146316867,0.4334340987546054,0.6694055780930684,0.6738425072025137,-0.1510516380949094,0.07583864072666914
AAPL,Adj Close,0.9995928988897737,0.9997817715980628,0.9997839956991018,0.9999652792686665,1.0,-0.3002820719769439,0.02837082943918527,0.0420868075820617,0.06570368822249864,0.09425281252797409,0.13867605777621606,0.02837082943918527,0.0010607910094533645,0.04796147221904647,-0.025766866876085773,0.36735174983737373,0.8895808243107972,-0.019051004099843845,-0.027724254855873702,0.4136427370968685,-0.0029009107296243015,0.05549004146186784,-0.12283372507447991,0.6442524964026463,0.38052268080217383,0.4559634155251119,0.5131958549715422,-0.03382511573315645,0.2505389193300561,0.6698355028519702,0.432696010094987,0.6690108957091597,0.6736025803297123,-0.15220482073596098,0.07540479367897204
AAPL,Volume,-0.2977975481202937,-0.29318967213635133,-0.30388253529611714,-0.2988970695840656,-0.3002820719769439,1.0,-0.10166382274948407,-0.14793630793347162,-0.19274628681226297,-0.2443586119492628,-0.27173217450363646,-0.10166382274948407,0.06046170418202934,-0.2022925953122227,-0.0935589681386546,-0.16674131127698205,-0.0881772267761549,-0.14138016779026497,-0.09690968638073634,0.08642832802716241,-0.19290808299694306,-0.11470543852159579,0.0297616213921906,-0.15358403276376803,-0.05219337134057419,-0.07674675640275357,-0.0993740642347377,0.07984693504604337,-0.04237350666654052,-0.043812250787528706,0.07153912828558195,-0.06970165804916706,0.01721968553527596,-0.013256438003226406,-0.10894189253672065
AAPL,returns_1,0.011290627133010059,0.017718298402606875,0.01945646954919395,0.02862444315836016,0.02837082943918527,-0.10166382274948407,1.0,0.6737235018773825,0.4265484918571298,0.328409918230581,0.22341955964834284,1.0,-0.35153038389834507,0.29165583406678275,0.2248025447251577,0.005509716084259446,-0.002387524329043442,0.2626822138175985,0.2630005982999263,0.0002559656260447743,0.09376736580085679,0.10421906649982068,-0.0034421343435437402,0.02453044260040172,0.04549050006825742,0.043388274545204324,0.04885994718185203,-0.02648673842076891,-0.00030926745733896976,0.05886871158229482,0.047323233877749046,0.056120409014560446,0.0875434719590797,0.1799522459155561,0.1909671423878842
AAPL,returns_2,0.031559826137105375,0.03457429563556892,0.03783703096393367,0.042413227484311776,0.0420868075820617,-0.14793630793347162,0.6737235018773825,1.0,0.6078331787277157,0.44535630063873094,0.32653270172313437,0.6737235018773825,-0.5652906284006762,0.41298259023591793,0.45000902237080787,0.024156100870003156,-0.0070605390976098996,0.2222208454446457,0.2058619613635499,-0.01264583088646612,0.18678492099376717,0.13181820041986012,-0.0001827536438701611,0.018982404099959802,0.03134505248059555,0.034864842340950795,0.040890374801832496,-0.030368554639631593,-0.009080001069168007,0.06409815081596046,0.0550782361345881,0.06718665315135897,0.1051308385578799,0.21381061429565382,0.22723118174622708
AAPL,returns_5,0.058542981866796656,0.05963225290816021,0.0640605736541494,0.06615955895546344,0.06570368822249864,-0.19274628681226297,0.4265484918571298,0.6078331787277157,1.0,0.7067818153705806,0.5124262389998103,0.4265484918571298,-0.2764466812168743,0.6403030746572347,0.7090890248321781,0.12494924925864376,-0.026574491988354588,0.15016286263671996,0.15157246179395248,-0.02361430303977434,0.19659570577225366,0.13494710163064927,-0.015763319235449047,0.03519437147234354,0.05960563374481339,0.054911421513614674,0.07589963799223579,0.006698937655160729,0.039798369319350435,0.06819920034518537,0.05433050073707144,0.08282055950001939,0.09209940877711074,0.17029275725978524,0.19372363107089066
AAPL,returns_10,0.08989911083773239,0.08962057080203996,0.09448453091311818,0.09487824971230412,0.09425281252797409,-0.2443586119492628,0.328409918230581,0.44535630063873094,0.7067818153705806,1.0,0.7114193812425895,0.32840991823058097,-0.0249061887547139,0.7163105953545487,0.41591261407570435,0.3419338550908522,-0.04388372225808702,0.16516957014299996,0.14336578040722267,-0.021300226575435597,0.20270634756191008,0.13168980207876133,-0.04511876331150876,0.059044344840248036,0.10313083044225159,0.09247110243767692,0.10637891083050323,0.024063229112605763,0.09125597941943427,0.06368109950966032,0.04336680455940127,0.07399298508802757,0.08332873355655351,0.14017868506359704,0.15451874789376652
AAPL,returns_21,0.13678931562798066,0.13567348352244482,0.14034945937251533,0.13967916668460775,0.13867605777621606,-0.27173217450363646,0.22341955964834284,0.32653270172313437,0.5124262389998103,0.7114193812425895,1.0,0.22341955964834284,-0.013417384882354635,0.5972256539762895,0.18557039294426386,0.6796591005564091,-0.05268721402489027,0.13230444106261174,0.1214511314193912,0.00337033841600865,0.2385391222255019,0.1396869442613035,-0.043533986627939,0.09694226127474366,0.15740043007631133,0.13861027065629167,0.14235058294736508,0.030731393370290808,0.1299532348329205,0.08632007613385242,0.06373308616157754,0.08805497763618572,0.1094488593331948,0.12595261946433498,0.14888634235922793
AAPL,reward,0.011290627133010059,0.017718298402606875,0.01945646954919395,0.02862444315836016,0.02837082943918527,-0.10166382274948407,1.0,0.6737235018773825,0.4265484918571298,0.32840991823058097,0.22341955964834284,1.0,-0.35153038389834507,0.29165583406678275,0.2248025447251577,0.005509716084259446,-0.002387524329043442,0.2626822138175985,0.2630005982999263,0.0002559656260447743,0.09376736580085679,0.10421906649982068,-0.0034421343435437402,0.02453044260040172,0.04549050006825742,0.043388274545204324,0.04885994718185203,-0.02648673842076891,-0.00030926745733896976,0.05886871158229482,0.047323233877749046,0.056120409014560446,0.0875434719590797,0.1799522459155561,0.1909671423878842
AAPL,STOCH,0.00742545776203717,0.005637206632828506,0.004106546203360601,0.0010490520023984588,0.0010607910094533645,0.06046170418202934,-0.35153038389834507,-0.5652906284006762,-0.2764466812168743,-0.0249061887547139,-0.013417384882354635,-0.35153038389834507,1.0,-0.053547416719644594,-0.49734859012248206,0.10256465439118796,-0.006666955143829943,-0.10098863575952806,-0.08301819452033805,0.029855832537661928,-0.08238055504936564,-0.05138067979587157,0.004248367543989966,0.007135414807183826,0.040329399055706476,0.03853593252026389,0.018223371672738083,0.04772467120858602,0.054596796038298596,0.0015148111076093167,-0.006897297025247014,-0.0015535791851986858,-0.028074532741161888,-0.10824701417570963,-0.11396217052976958
AAPL,ULTOSC,0.04120037096082023,0.04184393412548901,0.046234396085405166,0.04806753236512135,0.04796147221904647,-0.2022925953122227,0.29165583406678275,0.41298259023591793,0.6403030746572347,0.7163105953545487,0.5972256539762895,0.29165583406678275,-0.053547416719644594,1.0,0.4532259022806338,0.27034167283497074,-0.07327612262294138,0.14291241801394286,0.1154745353362198,-0.008667593706083459,0.22330994345140232,0.14721025048835965,0.007118349490963187,0.02770275389610501,0.05684983623292652,0.051051318379488765,0.06173135905433496,0.003387224372190499,0.05875881636926806,0.022193273463682762,0.016301721923534854,0.028832457342031995,0.043507054382257,0.13728553755304226,0.13451019891308774
AAPL,RSI,-0.030404060147972194,-0.029671081979969198,-0.02676370346492194,-0.026054005688476,-0.025766866876085773,-0.0935589681386546,0.2248025447251577,0.45000902237080787,0.7090890248321781,0.41591261407570435,0.18557039294426386,0.2248025447251577,-0.49734859012248206,0.4532259022806338,1.0,-0.10981674382965685,-0.04535187238762888,0.0474535091034736,0.042620853457348486,-0.08140213092190728,0.15276439635657343,0.0923528549558041,-0.00976317213280479,-0.03454605380003634,-0.017911709939222965,-0.023295092775588333,-0.00958328505558726,-0.016487862655596323,-0.004178928870326791,-0.018597462544213603,-0.01711298646399921,-0.007370141587195489,0.003146798188672555,0.1269482760347414,0.1192440645411606
AAPL,MACD,0.3703849964145202,0.3689525851268868,0.37003174483043266,0.36895558076025387,0.36735174983737373,-0.16674131127698205,0.005509716084259446,0.024156100870003156,0.12494924925864376,0.3419338550908522,0.6796591005564091,0.005509716084259446,0.10256465439118796,0.27034167283497074,-0.10981674382965685,1.0,0.18478883936952759,0.042820929774643274,0.02932840147622196,0.1756914057737093,0.13587462253276333,0.10610337882131146,-0.06183979960850697,0.2521167758720198,0.25505341014734856,0.23966811585353776,0.2665371559022785,0.024813173559887023,0.18606743969683828,0.2628830701639446,0.19829668036624173,0.26694796695251843,0.29137119571542286,0.013432704660022967,0.08606523624720376
AAPL,ATR,0.8897097791443391,0.892005510811527,0.8865449075945255,0.8891160600174033,0.8895808243107972,-0.0881772267761549,-0.002387524329043442,-0.0070605390976098996,-0.026574491988354588,-0.04388372225808702,-0.05268721402489027,-0.002387524329043442,-0.006666955143829943,-0.07327612262294138,-0.04535187238762888,0.18478883936952759,1.0,-0.09408386634822857,-0.06951090348566986,0.40186694189471156,-0.07788326541580902,0.016403070090594187,-0.11482142877053995,0.5721380671409471,0.3443580847530211,0.43685838862859605,0.4933463887759091,-0.0446793905747315,0.24827184317111275,0.6115668282116399,0.39598055001030835,0.6008214128515695,0.6340564084270015,-0.1724697061419405,0.034087631624553714
AAPL,sent_content_news,-0.02201355942699294,-0.021969958093385717,-0.018563732877885937,-0.017928267326053553,-0.019051004099843845,-0.14138016779026497,0.2626822138175985,0.2222208454446457,0.15016286263671996,0.16516957014299996,0.13230444106261174,0.2626822138175985,-0.10098863575952806,0.14291241801394286,0.0474535091034736,0.042820929774643274,-0.09408386634822857,1.0,0.5659662044750403,-0.049459443400373344,0.1476486829524828,0.10143329353518732,-0.00441797022787945,-0.0451482836608465,-0.056498166869658646,-0.06539053591215647,-0.05272904488525692,0.014301881091964024,-0.03821037973136368,-0.04284827886966966,-0.04878079482131108,-0.03591017794182582,-0.051459184191808865,0.12736225019679875,0.10955506065462137
AAPL,sent_title_news,-0.031424537193368206,-0.030648357653065776,-0.028596254997637703,-0.027184586347901545,-0.027724254855873702,-0.09690968638073634,0.2630005982999263,0.2058619613635499,0.15157246179395248,0.14336578040722267,0.1214511314193912,0.2630005982999263,-0.08301819452033805,0.1154745353362198,0.042620853457348486,0.02932840147622196,-0.06951090348566986,0.5659662044750403,1.0,-0.04147885401660446,0.12040522924237516,0.11321093560389188,-0.0011040371628134522,-0.031214983610119068,-0.03864230565846791,-0.05652350447743026,-0.04185044335929856,0.027589146476010268,-0.006759792979384978,-0.026625346484773358,-0.01931197342224253,-0.029357340062685398,-0.02692181965170281,0.1289696587363904,0.11787840804269635
AAPL,count_news,0.4127909902697345,0.41473594988546275,0.411111848170872,0.4133933005725595,0.4136427370968685,0.08642832802716241,0.0002559656260447743,-0.01264583088646612,-0.02361430303977434,-0.021300226575435597,0.00337033841600865,0.0002559656260447743,0.029855832537661928,-0.008667593706083459,-0.08140213092190728,0.1756914057737093,0.40186694189471156,-0.049459443400373344,-0.04147885401660446,1.0,-0.03459891736671299,0.004473700318325992,0.16157187297703907,0.33902087562971533,0.277290030936487,0.32296122814019496,0.38608560538740755,-0.07236145758751311,0.10237565827499809,0.49823311698871986,0.4471420756368264,0.46955320535718664,0.5626879155813613,-0.08125557901159798,0.02568097956913263
AAPL,sent_content_opinions,-0.0046416247415372825,-0.005526489151575753,-0.00216063253617098,-0.0030043318735591138,-0.0029009107296243015,-0.19290808299694306,0.09376736580085679,0.18678492099376717,0.19659570577225366,0.20270634756191008,0.2385391222255019,0.09376736580085679,-0.08238055504936564,0.22330994345140232,0.15276439635657343,0.13587462253276333,-0.07788326541580902,0.1476486829524828,0.12040522924237516,-0.03459891736671299,1.0,0.41700133103933545,0.1658942239301657,-0.04588672216414529,-0.0018837184915691,-0.013327082254303527,-0.004896957670684546,-0.0364037491509222,0.004768685225945298,-0.06238960862427102,-0.06005542990727239,-0.06401502464702594,-0.06695787086847693,0.09222690399855706,0.12646067768569436
AAPL,sent_title_opinions,0.053579386072717505,0.05371930679806622,0.054915814007712775,0.055496841062262776,0.05549004146186784,-0.11470543852159579,0.10421906649982068,0.13181820041986012,0.13494710163064927,0.13168980207876133,0.1396869442613035,0.10421906649982068,-0.05138067979587157,0.14721025048835965,0.0923528549558041,0.10610337882131146,0.016403070090594187,0.10143329353518732,0.11321093560389188,0.004473700318325992,0.41700133103933545,1.0,0.11854477824980011,0.03631579044630181,0.04661395631162993,0.049819111865795934,0.05582951355536795,-0.010896357047496806,0.04326593014444722,-0.004846594157805827,-0.004121681521506902,-0.0013622733313234335,0.014160396475159808,0.06392405284217931,0.06088051283702662
AAPL,count_opinions,-0.12434141118709649,-0.12377602424565469,-0.12428694152853971,-0.1239907695499244,-0.12283372507447991,0.0297616213921906,-0.0034421343435437402,-0.0001827536438701611,-0.015763319235449047,-0.04511876331150876,-0.043533986627939,-0.0034421343435437402,0.004248367543989966,0.007118349490963187,-0.00976317213280479,-0.06183979960850697,-0.11482142877053995,-0.00441797022787945,-0.0011040371628134522,0.16157187297703907,0.1658942239301657,0.11854477824980011,1.0,-0.03724426102284519,0.03690860131419511,0.03404656981915599,0.05399995095180697,-0.08560713873045303,-0.08183069327851901,-0.034462203371154944,0.03597619746394109,-0.04275003576071582,-0.008458227728360433,0.01970980143018146,0.07273166802118572
AAPL,replyCount_keywords,0.6423438598397289,0.6435028905030492,0.642661991834153,0.6436237074683916,0.6442524964026463,-0.15358403276376803,0.02453044260040172,0.018982404099959802,0.03519437147234354,0.059044344840248036,0.09694226127474366,0.02453044260040172,0.007135414807183826,0.02770275389610501,-0.03454605380003634,0.2521167758720198,0.5721380671409471,-0.0451482836608465,-0.031214983610119068,0.33902087562971533,-0.04588672216414529,0.03631579044630181,-0.03724426102284519,1.0,0.6991392757285012,0.7254399158120685,0.7685427378890343,0.0286000984667382,0.2288398417275885,0.5818331461848513,0.417746487477023,0.5696110965924222,0.5781539980874598,-0.1154389624653308,0.018350215922012744
AAPL,retweetCount_keywords,0.3779507817833867,0.379763077560838,0.37827470470647023,0.37977003320874997,0.38052268080217383,-0.05219337134057419,0.04549050006825742,0.03134505248059555,0.05960563374481339,0.10313083044225159,0.15740043007631133,0.04549050006825742,0.040329399055706476,0.05684983623292652,-0.017911709939222965,0.25505341014734856,0.3443580847530211,-0.056498166869658646,-0.03864230565846791,0.277290030936487,-0.0018837184915691,0.04661395631162993,0.03690860131419511,0.6991392757285012,1.0,0.9542703360934659,0.8391756018655431,0.028392109551709437,0.2924959769912131,0.3801148843447055,0.3062041110550567,0.3659039134502527,0.40870466635772684,-0.0909967385011828,0.00647625357281329
AAPL,likeCount_keywords,0.4530678760191364,0.4550728828201654,0.4531710272526049,0.45485922781586924,0.4559634155251119,-0.07674675640275357,0.043388274545204324,0.034864842340950795,0.054911421513614674,0.09247110243767692,0.13861027065629167,0.043388274545204324,0.03853593252026389,0.051051318379488765,-0.023295092775588333,0.23966811585353776,0.43685838862859605,-0.06539053591215647,-0.05652350447743026,0.32296122814019496,-0.013327082254303527,0.049819111865795934,0.03404656981915599,0.7254399158120685,0.9542703360934659,1.0,0.8998084363962352,-0.027103336502692924,0.25356933259916864,0.43360828369521387,0.32195483974935907,0.41894980041655255,0.46719492169897764,-0.11343839461542599,0.008327624969570653
AAPL,tweetCount_keywords,0.5099267689683653,0.5119181852976569,0.5098618571556904,0.511800615259375,0.5131958549715422,-0.0993740642347377,0.04885994718185203,0.040890374801832496,0.07589963799223579,0.10637891083050323,0.14235058294736508,0.04885994718185203,0.018223371672738083,0.06173135905433496,-0.00958328505558726,0.2665371559022785,0.4933463887759091,-0.05272904488525692,-0.04185044335929856,0.38608560538740755,-0.004896957670684546,0.05582951355536795,0.05399995095180697,0.7685427378890343,0.8391756018655431,0.8998084363962352,1.0,0.011143338536078828,0.3177264333491834,0.4864642871273792,0.36638448933536505,0.4662548640881089,0.5349716242743142,-0.10792610625551965,0.02790598057123462
AAPL,sent_tweeteval_keywords,-0.03165136187468224,-0.03215790413325289,-0.032404463958723526,-0.032578859253564046,-0.03382511573315645,0.07984693504604337,-0.02648673842076891,-0.030368554639631593,0.006698937655160729,0.024063229112605763,0.030731393370290808,-0.02648673842076891,0.04772467120858602,0.003387224372190499,-0.016487862655596323,0.024813173559887023,-0.0446793905747315,0.014301881091964024,0.027589146476010268,-0.07236145758751311,-0.0364037491509222,-0.010896357047496806,-0.08560713873045303,0.0286000984667382,0.028392109551709437,-0.027103336502692924,0.011143338536078828,1.0,0.570237368853644,-0.015151884891722837,0.011459831288863393,-0.01174074305119653,-0.014799681705018502,0.04958412850971142,-0.02071241382885053
AAPL,sent_finbert_keywords,0.250646615957226,0.25106623879590906,0.24963161010159346,0.25024276318582533,0.2505389193300561,-0.04237350666654052,-0.00030926745733896976,-0.009080001069168007,0.039798369319350435,0.09125597941943427,0.1299532348329205,-0.00030926745733896976,0.054596796038298596,0.05875881636926806,-0.004178928870326791,0.18606743969683828,0.24827184317111275,-0.03821037973136368,-0.006759792979384978,0.10237565827499809,0.004768685225945298,0.04326593014444722,-0.08183069327851901,0.2288398417275885,0.2924959769912131,0.25356933259916864,0.3177264333491834,0.570237368853644,1.0,0.15504868829809743,0.1186483290145027,0.15523299683355904,0.17538712285401467,-0.03502486748475449,0.008599652724751727
AAPL,replyCount_cashtags,0.6683054268043809,0.6712278448351041,0.6670904999192016,0.6701581146316867,0.6698355028519702,-0.043812250787528706,0.05886871158229482,0.06409815081596046,0.06819920034518537,0.06368109950966032,0.08632007613385242,0.05886871158229482,0.0015148111076093167,0.022193273463682762,-0.018597462544213603,0.2628830701639446,0.6115668282116399,-0.04284827886966966,-0.026625346484773358,0.49823311698871986,-0.06238960862427102,-0.004846594157805827,-0.034462203371154944,0.5818331461848513,0.3801148843447055,0.43360828369521387,0.4864642871273792,-0.015151884891722837,0.15504868829809743,1.0,0.7467650460866166,0.9354092804322867,0.921186379796551,-0.09632818808002139,0.046977299652976326
AAPL,retweetCount_cashtags,0.4318663971835511,0.4339499225986718,0.43055309433012834,0.4334340987546054,0.432696010094987,0.07153912828558195,0.047323233877749046,0.0550782361345881,0.05433050073707144,0.04336680455940127,0.06373308616157754,0.047323233877749046,-0.006897297025247014,0.016301721923534854,-0.01711298646399921,0.19829668036624173,0.39598055001030835,-0.04878079482131108,-0.01931197342224253,0.4471420756368264,-0.06005542990727239,-0.004121681521506902,0.03597619746394109,0.417746487477023,0.3062041110550567,0.32195483974935907,0.36638448933536505,0.011459831288863393,0.1186483290145027,0.7467650460866166,1.0,0.7924329498577662,0.7351955463795976,-0.021315965998609594,0.06399309395746867
AAPL,likeCount_cashtags,0.6677542991315484,0.6703286115423623,0.6664968869431281,0.6694055780930684,0.6690108957091597,-0.06970165804916706,0.056120409014560446,0.06718665315135897,0.08282055950001939,0.07399298508802757,0.08805497763618572,0.056120409014560446,-0.0015535791851986858,0.028832457342031995,-0.007370141587195489,0.26694796695251843,0.6008214128515695,-0.03591017794182582,-0.029357340062685398,0.46955320535718664,-0.06401502464702594,-0.0013622733313234335,-0.04275003576071582,0.5696110965924222,0.3659039134502527,0.41894980041655255,0.4662548640881089,-0.01174074305119653,0.15523299683355904,0.9354092804322867,0.7924329498577662,1.0,0.8946657618215961,-0.09248066665973569,0.058893585482839156
AAPL,tweetCount_cashtags,0.6712612252694855,0.6752585091829453,0.6696200536588204,0.6738425072025137,0.6736025803297123,0.01721968553527596,0.0875434719590797,0.1051308385578799,0.09209940877711074,0.08332873355655351,0.1094488593331948,0.0875434719590797,-0.028074532741161888,0.043507054382257,0.003146798188672555,0.29137119571542286,0.6340564084270015,-0.051459184191808865,-0.02692181965170281,0.5626879155813613,-0.06695787086847693,0.014160396475159808,-0.008458227728360433,0.5781539980874598,0.40870466635772684,0.46719492169897764,0.5349716242743142,-0.014799681705018502,0.17538712285401467,0.921186379796551,0.7351955463795976,0.8946657618215961,1.0,-0.08474693779014468,0.0685796621072763
AAPL,sent_tweeteval_cashtags,-0.15343111006910423,-0.15317248479670006,-0.15151108353408146,-0.1510516380949094,-0.15220482073596098,-0.013256438003226406,0.1799522459155561,0.21381061429565382,0.17029275725978524,0.14017868506359704,0.12595261946433498,0.1799522459155561,-0.10824701417570963,0.13728553755304226,0.1269482760347414,0.013432704660022967,-0.1724697061419405,0.12736225019679875,0.1289696587363904,-0.08125557901159798,0.09222690399855706,0.06392405284217931,0.01970980143018146,-0.1154389624653308,-0.0909967385011828,-0.11343839461542599,-0.10792610625551965,0.04958412850971142,-0.03502486748475449,-0.09632818808002139,-0.021315965998609594,-0.09248066665973569,-0.08474693779014468,1.0,0.5460448364995237
AAPL,sent_finbert_cashtags,0.07355610343581002,0.07390304643198582,0.07530646586383785,0.07583864072666914,0.07540479367897204,-0.10894189253672065,0.1909671423878842,0.22723118174622708,0.19372363107089066,0.15451874789376652,0.14888634235922793,0.1909671423878842,-0.11396217052976958,0.13451019891308774,0.1192440645411606,0.08606523624720376,0.034087631624553714,0.10955506065462137,0.11787840804269635,0.02568097956913263,0.12646067768569436,0.06088051283702662,0.07273166802118572,0.018350215922012744,0.00647625357281329,0.008327624969570653,0.02790598057123462,-0.02071241382885053,0.008599652724751727,0.046977299652976326,0.06399309395746867,0.058893585482839156,0.0685796621072763,0.5460448364995237,1.0
AMZN,Open,1.0,0.9997930081432916,0.9997341498446191,0.9994763439498814,0.9994763439498814,-0.004614096202776131,-0.03551659454978968,-0.03490773038100879,-0.04307445723686892,-0.0519997956858492,-0.09129565298745365,-0.03551659454978968,0.0092618881446193,-0.16454417136335248,-0.03608678953075134,0.09597475653607873,0.8623145252743021,-0.09625519849890025,-0.054356304377483435,0.6233881901574057,-0.011779527053132118,0.03586090691816689,0.06901685669963478,0.6749616341368543,0.422166221888167,0.6766188451448301,0.7382257029583164,-0.3250697534012471,-0.15024470475112245,0.4214325736162282,0.2608084752609854,0.40989394915367133,0.49993473362814905,-0.09323369900705636,-0.03914263307954603
AMZN,High,0.9997930081432916,1.0,0.9996781815851352,0.999754653417769,0.999754653417769,0.0014405342680790247,-0.026149295990906863,-0.028829688834463768,-0.03980867832066602,-0.05027527853755353,-0.09040848425357506,-0.026149295990906863,0.005691662180656571,-0.16195148168164594,-0.03431972133159578,0.09455618554076171,0.8656551969780183,-0.09653378029500227,-0.05412886824467383,0.6251128000790133,-0.012525455799457557,0.03626622151756594,0.07030619247527219,0.6763038830820168,0.42278776046012173,0.6779180260793782,0.7397596366990403,-0.325685136564054,-0.1513632564993443,0.42429445102039254,0.2626670452573877,0.41252351413051347,0.5037243099731045,-0.09301160789662435,-0.03804748476042802
AMZN,Low,0.9997341498446191,0.9996781815851352,1.0,0.999762383379325,0.999762383379325,-0.013343756525283825,-0.024311225212672073,-0.025297250223113632,-0.035613263805141404,-0.04630521400440535,-0.08757648021174182,-0.024311225212672073,0.003669203540479981,-0.15792863165827253,-0.03065230573546354,0.09589815397212346,0.8578367183830448,-0.09276383453135253,-0.052419285751985775,0.6212085036844157,-0.007831323765378793,0.038583553493656345,0.06936149835873733,0.6735868627870223,0.4220502481636912,0.6763071987127797,0.7375456041167096,-0.3252508837543713,-0.15021001327718528,0.41847335567307337,0.2582587413513812,0.4070111025469591,0.49762111091181466,-0.09060477615658426,-0.03635331201345097
AMZN,Close,0.9994763439498814,0.999754653417769,0.999762383379325,1.0,1.0,-0.006134344748233343,-0.013895598095683479,-0.019918993491297592,-0.03316801266944275,-0.04562039253393746,-0.08702528165591648,-0.013895598095683479,0.00026343824496466645,-0.15525428182250067,-0.030250164608034258,0.09490013492761372,0.8615842591912699,-0.09284260880265748,-0.05199164804956953,0.6230680946359191,-0.00874708817988514,0.03843641383053893,0.07076263303770776,0.6749087428617205,0.422659565160158,0.6776537251098753,0.7393379041290379,-0.3262043471223997,-0.15163148688489864,0.4210649199289763,0.25960717740115735,0.409151587572591,0.5009766390130073,-0.09064022108431055,-0.03598599930519583
AMZN,Adj Close,0.9994763439498814,0.999754653417769,0.999762383379325,1.0,1.0,-0.006134344748233343,-0.013895598095683479,-0.019918993491297592,-0.03316801266944275,-0.04562039253393746,-0.08702528165591648,-0.013895598095683479,0.00026343824496466645,-0.15525428182250067,-0.030250164608034258,0.09490013492761372,0.8615842591912699,-0.09284260880265748,-0.05199164804956953,0.6230680946359191,-0.00874708817988514,0.03843641383053893,0.07076263303770776,0.6749087428617205,0.422659565160158,0.6776537251098753,0.7393379041290379,-0.3262043471223997,-0.15163148688489864,0.4210649199289763,0.25960717740115735,0.409151587572591,0.5009766390130073,-0.09064022108431055,-0.03598599930519583
AMZN,Volume,-0.004614096202776131,0.0014405342680790247,-0.013343756525283825,-0.006134344748233343,-0.006134344748233343,1.0,0.0026623904315641847,-0.0240527070250645,-0.06623722120174153,-0.06716548312231659,-0.08514899024247868,0.0026623904315641847,0.04819014987508181,-0.07345260287550961,-0.04542754081654171,-0.013791717964987479,0.2055143412524244,-0.0508750198450519,-0.04052089053777073,0.12622874238788193,-0.09018975711991832,-0.09759542024107944,0.09223677859460835,0.029337642743059927,0.0201974960493716,-0.008539338534751303,0.0387553756367917,-0.08378434669870885,-0.07496813558587041,0.16817467697294805,0.15103773332947687,0.1462444027692421,0.23241803099634953,-0.060036681790390366,-0.03170954899077092
AMZN,returns_1,-0.03551659454978968,-0.026149295990906863,-0.024311225212672073,-0.013895598095683479,-0.013895598095683479,0.0026623904315641847,1.0,0.6979824773812197,0.4339942764447867,0.31385837000151223,0.21415099456257747,1.0,-0.34752667161034817,0.30784905726335143,0.24382959275123076,-0.024058371661427387,-0.03397589481369446,0.17989014598925362,0.11926418960040151,-0.010495870233598223,0.12240004959361445,0.09473243033697143,0.08143967313381482,-0.04413463272210816,-0.01031189501210129,-0.015052936630559718,-0.020230676182395588,0.00087547179351617,-0.002374576930508675,-0.03800941483178033,-0.009373685681051742,-0.04019127673878137,-0.00032507757490961336,0.14892527391317226,0.17099896746506626
AMZN,returns_2,-0.03490773038100879,-0.028829688834463768,-0.025297250223113632,-0.019918993491297592,-0.019918993491297592,-0.0240527070250645,0.6979824773812197,1.0,0.608024548411548,0.4249966276590783,0.301745838968643,0.6979824773812197,-0.5524318906488828,0.419536927480696,0.47258594536651233,-0.023046959658355518,-0.04673091292205332,0.15010085998887374,0.05765972152862675,-0.027096588943887896,0.14866600991857465,0.08928759124439462,0.09741443189065346,-0.06212608964881226,-0.024383786945376112,-0.03870067540870095,-0.052266146234827886,0.01647305745959844,0.007153418483632789,-0.040742281726922416,-0.024806670531746247,-0.041378831866162605,0.000571909837518635,0.17702344470797943,0.19023587665160097
AMZN,returns_5,-0.04307445723686892,-0.03980867832066602,-0.035613263805141404,-0.03316801266944275,-0.03316801266944275,-0.06623722120174153,0.4339942764447867,0.608024548411548,1.0,0.6888702267458748,0.46839694713890345,0.43399427644478666,-0.2737580276027838,0.6379056740127288,0.7353486242778602,0.05555151788728904,-0.08489599955101777,0.09329691369809204,0.022031569084729894,-0.009924634720245842,0.14518293841294005,0.06739372276419398,0.03461704245168089,-0.057062709826671915,-0.029078499069197798,-0.060693122854233714,-0.05569232154492538,0.028856329667036797,0.033831257879530584,-0.04563082959211126,-0.035804509575015735,-0.0493721406394284,-0.015049765763179115,0.1921639966637556,0.17463122142108659
AMZN,returns_10,-0.0519997956858492,-0.05027527853755353,-0.04630521400440535,-0.04562039253393746,-0.04562039253393746,-0.06716548312231659,0.31385837000151223,0.4249966276590783,0.6888702267458748,1.0,0.6482404050539913,0.3138583700015121,-0.00562468581445076,0.6693301310625641,0.4192654907680663,0.27507234715691253,-0.12019463045237795,0.1019138070567815,0.08562959970312466,-0.016942468253124805,0.138971786780912,0.07310216313950242,0.07325592721802356,-0.06512908156116765,-0.03633985727478824,-0.0775681666347319,-0.061508690740873256,0.04253749198044637,0.03793164991053013,-0.07076491945911345,-0.003173583717433126,-0.052849848311324055,-0.04449360983338433,0.19398111938104518,0.1752527573954191
AMZN,returns_21,-0.09129565298745365,-0.09040848425357506,-0.08757648021174182,-0.08702528165591648,-0.08702528165591648,-0.08514899024247868,0.21415099456257747,0.301745838968643,0.46839694713890345,0.6482404050539913,1.0,0.21415099456257744,-0.029245957897828457,0.5328352990358234,0.17976327733080702,0.6438599395657183,-0.18336525590462294,0.0660844951181325,0.06591882608285404,-0.02976333649847273,0.09701024993951154,0.060946006086121655,0.06069599868535013,-0.12610179158579699,-0.1086927630512171,-0.13728662614591405,-0.12252720430862163,0.07869115779494672,0.06672649416363752,-0.1245336277334071,-0.019137147069413763,-0.09133514290334382,-0.08632664352740468,0.183678456005341,0.17207249217254303
AMZN,reward,-0.03551659454978968,-0.026149295990906863,-0.024311225212672073,-0.013895598095683479,-0.013895598095683479,0.0026623904315641847,1.0,0.6979824773812197,0.43399427644478666,0.3138583700015121,0.21415099456257744,1.0,-0.34752667161034817,0.30784905726335143,0.24382959275123076,-0.024058371661427387,-0.03397589481369446,0.17989014598925362,0.11926418960040151,-0.010495870233598223,0.12240004959361445,0.09473243033697143,0.08143967313381482,-0.04413463272210816,-0.01031189501210129,-0.015052936630559718,-0.020230676182395588,0.00087547179351617,-0.002374576930508675,-0.03800941483178033,-0.009373685681051742,-0.04019127673878137,-0.00032507757490961336,0.14892527391317226,0.17099896746506626
AMZN,STOCH,0.0092618881446193,0.005691662180656571,0.003669203540479981,0.00026343824496466645,0.00026343824496466645,0.04819014987508181,-0.34752667161034817,-0.5524318906488828,-0.2737580276027838,-0.00562468581445076,-0.029245957897828457,-0.34752667161034817,1.0,-0.06559566224277255,-0.515399825535349,0.11203644945266374,-0.004485308231589928,-0.065089767919084,-0.014747993171194865,0.013684109984582872,-0.062485438498626825,-0.050651302310358304,-0.041937804851161144,0.024192464272383248,-0.013551976261488883,0.0007772832395274015,0.010561248014633899,0.0034980393304571626,0.03375998008940298,0.0031900954084758564,0.014577355760280228,0.0040861154932920205,-0.027668238094411,-0.05715579254529804,-0.05359634826451159
AMZN,ULTOSC,-0.16454417136335248,-0.16195148168164594,-0.15792863165827253,-0.15525428182250067,-0.15525428182250067,-0.07345260287550961,0.30784905726335143,0.419536927480696,0.6379056740127288,0.6693301310625641,0.5328352990358234,0.30784905726335143,-0.06559566224277255,1.0,0.5260308334403114,0.20513157875597332,-0.23532930508024807,0.09841881911251525,0.0497508671569441,-0.13215466521485997,0.15498773739245011,0.06892021884162085,0.04175911650067035,-0.15730657969454345,-0.09267666834161147,-0.16474927016937468,-0.1562371940697192,0.037292484828738974,0.04826534796509828,-0.1438414565561862,-0.06703790618154257,-0.1244569911034867,-0.12056363559021996,0.15520593625994628,0.1484320561130058
AMZN,RSI,-0.03608678953075134,-0.03431972133159578,-0.03065230573546354,-0.030250164608034258,-0.030250164608034258,-0.04542754081654171,0.24382959275123076,0.47258594536651233,0.7353486242778602,0.4192654907680663,0.17976327733080702,0.24382959275123076,-0.515399825535349,0.5260308334403114,1.0,-0.11657264300105086,-0.0658231129794655,0.06730122150671952,-0.012027110838400247,-0.03255879826007062,0.1100946694053383,0.041076811976356625,0.02320813345774205,-0.04619338695744275,-0.0003355913216983134,-0.053427148230577454,-0.050111150410912624,-0.0021274044241930763,0.01286595575837576,-0.02121468337943719,-0.025162359497669262,-0.02895217547864311,-0.002708386316390271,0.13492864168601465,0.09570007575050339
AMZN,MACD,0.09597475653607873,0.09455618554076171,0.09589815397212346,0.09490013492761372,0.09490013492761372,-0.013791717964987479,-0.024058371661427387,-0.023046959658355518,0.05555151788728904,0.27507234715691253,0.6438599395657183,-0.024058371661427387,0.11203644945266374,0.20513157875597332,-0.11657264300105086,1.0,-0.03302760188958048,0.004530778184085079,0.028291447467051454,0.0978381633266793,0.03475724477467105,0.03285176166580381,0.05278591328900864,0.007757133978451177,-0.0015533939426205761,-0.01811522566980313,0.02288524378447743,-0.03972508131392173,-0.0011338428717133405,-0.11659227164506947,-0.0035731567445267927,-0.08323347209710726,-0.0512379380503928,0.045979996571840084,0.065327868092293
AMZN,ATR,0.8623145252743021,0.8656551969780183,0.8578367183830448,0.8615842591912699,0.8615842591912699,0.2055143412524244,-0.03397589481369446,-0.04673091292205332,-0.08489599955101777,-0.12019463045237795,-0.18336525590462294,-0.03397589481369446,-0.004485308231589928,-0.23532930508024807,-0.0658231129794655,-0.03302760188958048,1.0,-0.15323570323728417,-0.07933514402680361,0.5799141570369593,-0.11223941349037185,-0.03485692679153562,0.061848734780070316,0.6400318168022008,0.3843882825143888,0.6238258920348788,0.6817822169804578,-0.2878721057980697,-0.1576043989641593,0.4423473198171305,0.2816968296972416,0.42631945886805467,0.5004677510532066,-0.11120344367843821,-0.06956725031937763
AMZN,sent_content_news,-0.09625519849890025,-0.09653378029500227,-0.09276383453135253,-0.09284260880265748,-0.09284260880265748,-0.0508750198450519,0.17989014598925362,0.15010085998887374,0.09329691369809204,0.1019138070567815,0.0660844951181325,0.17989014598925362,-0.065089767919084,0.09841881911251525,0.06730122150671952,0.004530778184085079,-0.15323570323728417,1.0,0.5266194416107272,-0.10444570714992224,0.09784869171183817,0.0754893685180317,-0.04408057013390434,-0.11526727797184126,-0.052845639918373565,-0.07670687615035812,-0.10121783265481625,0.07619199865176839,0.08663304395729939,-0.06936269323765172,-0.03837409911126275,-0.06697917296218318,-0.06715386602909557,0.09407863679368889,0.12118017114210511
AMZN,sent_title_news,-0.054356304377483435,-0.05412886824467383,-0.052419285751985775,-0.05199164804956953,-0.05199164804956953,-0.04052089053777073,0.11926418960040151,0.05765972152862675,0.022031569084729894,0.08562959970312466,0.06591882608285404,0.11926418960040151,-0.014747993171194865,0.0497508671569441,-0.012027110838400247,0.028291447467051454,-0.07933514402680361,0.5266194416107272,1.0,-0.06451819386591112,0.07753878363425384,0.04719796978621135,-0.035777425183445455,-0.05626187186551824,-0.031306023581905595,-0.04225170032469104,-0.04678717310840577,0.02714454392525999,0.06702575338275649,-0.02300548711604762,-0.023433884244124892,-0.03338373923601873,-0.03800807917544551,0.06259052943994224,0.10374722036202287
AMZN,count_news,0.6233881901574057,0.6251128000790133,0.6212085036844157,0.6230680946359191,0.6230680946359191,0.12622874238788193,-0.010495870233598223,-0.027096588943887896,-0.009924634720245842,-0.016942468253124805,-0.02976333649847273,-0.010495870233598223,0.013684109984582872,-0.13215466521485997,-0.03255879826007062,0.0978381633266793,0.5799141570369593,-0.10444570714992224,-0.06451819386591112,1.0,-0.06578926128329769,-0.04085646065854234,0.15530095973036237,0.5164735106587601,0.29475599943786196,0.48497129487744495,0.5657970599613352,-0.2023083178785622,-0.09916177347115672,0.449867772372011,0.27683893874882615,0.4222523047802479,0.5355003461638034,-0.0863044947154103,-0.03737505779916754
